000000000000
000000000110
000000001000
000000001011
000000001100
000000001101
000000010000
000000010001
000000010010
000000010110
000000101001
000000101110
000000110001
000000111001
000000111100
000000111110
000001000001
000001000100
000001001000
000001011000
000001011001
000001011010
000001011100
000001011101
000001100001
000001100100
000001101000
000001101001
000001101010
000001110001
000001110101
000001110110
000010000100
000010000110
000010000111
000010001000
000010001001
000010011000
000010011110
000010100001
000010100011
000010100101
000010101000
000010101001
000010101011
000010101101
000010110010
000010110011
000010110110
000010111101
000010111111
000011000010
000011000011
000011000100
000011000111
000011001111
000011010010
000011010101
000011011101
000011100011
000011101010
000011101111
000011111000
000011111010
000011111011
000011111101
000100000000
000100000101
000100000110
000100010000
000100011101
000100011110
000100011111
000100100000
000100100101
000100101001
000100101011
000100110000
000100110001
000100111011
000100111100
000101000001
000101000100
000101000110
000101001000
000101001010
000101001100
000101010001
000101010011
000101011001
000101011100
000101011111
000101100010
000101100100
000101101010
000101101100
000101110101
000101111001
000101111011
000110000001
000110001000
000110001001
000110001010
000110001100
000110010000
000110011000
000110011100
000110011101
000110011110
000110101011
000110110000
000110110110
000110111011
000110111100
000111000000
000111000101
000111000110
000111001011
000111010010
000111010011
000111010101
000111010111
000111100001
000111101000
000111101100
000111110011
000111110100
000111111000
000111111001
000111111100
000111111111
001000000011
001000000110
001000000111
001000001001
001000001011
001000001101
001000010011
001000010111
001000011010
001000011100
001000100011
001000101001
001000101100
001000101110
001000101111
001000110001
001000110010
001001000001
001001001001
001001001100
001001001110
001001010100
001001010101
001001011101
001001011110
001001100001
001001101010
001001110100
001010000011
001010000110
001010001010
001010001011
001010010010
001010011001
001010011010
001010011100
001010011110
001010011111
001010100111
001010101011
001010101110
001010101111
001010110001
001010110110
001010111101
001011000000
001011000100
001011000110
001011001001
001011001101
001011010000
001011010010
001011010011
001011010111
001011011001
001011011011
001011011110
001011100000
001011100010
001011110000
001011110100
001011110110
001100000010
001100000111
001100001001
001100001011
001100001110
001100010100
001100010110
001100011000
001100011100
001100011101
001100100100
001100101101
001100110010
001100110011
001100110101
001100110111
001100111100
001100111101
001100111110
001100111111
001101000000
001101000011
001101001010
001101010000
001101010011
001101100101
001101101001
001101110001
001101110101
001101111000
001101111101
001110000000
001110001100
001110010000
001110010110
001110011100
001110011110
001110100010
001110100011
001110100110
001110100111
001110101010
001110101110
001110101111
001110110001
001110110111
001110111000
001110111101
001111000000
001111000010
001111000101
001111000110
001111001010
001111001011
001111001101
001111011001
001111011011
001111011100
001111011110
001111100000
001111100101
001111101010
001111111111
010000000001
010000001010
010000001101
010000010000
010000010011
010000010101
010000010111
010000011011
010000011101
010000100000
010000100100
010000101010
010000101011
010000101100
010000101111
010000110101
010000111000
010000111011
010001000100
010001000110
010001001101
010001010010
010001010011
010001010101
010001010110
010001011010
010001011101
010001011110
010001100111
010001101011
010001101100
010001110010
010001110011
010001110100
010001111000
010010000010
010010010110
010010011000
010010011110
010010110101
010010110110
010010110111
010010111001
010010111010
010011001000
010011001110
010011010011
010011010110
010011011000
010011011011
010011011100
010011100011
010011100100
010011100101
010011101011
010011101110
010011110000
010011110100
010011111010
010100000000
010100000001
010100000110
010100000111
010100001010
010100001100
010100001111
010100011110
010100011111
010100100000
010100100100
010100100110
010100110001
010100110011
010100111000
010100111011
010101000000
010101001111
010101010000
010101010100
010101011000
010101011011
010101011101
010101011110
010101100011
010101101001
010101101011
010101110000
010101110011
010101110101
010101110110
010110000010
010110000011
010110001111
010110011001
010110100001
010110100010
010110101011
010110101110
010110110100
010110110111
010110111010
010111000001
010111000011
010111001000
010111001010
010111001100
010111010101
010111010110
010111011010
010111100000
010111100101
010111101100
010111110001
010111110011
010111110100
010111110101
010111111101
010111111110
011000000100
011000000111
011000001110
011000010100
011000011001
011000011111
011000100110
011000101000
011000101001
011000101010
011000101100
011000110100
011000110111
011000111001
011000111111
011001000100
011001001011
011001001111
011001010111
011001011110
011001100000
011001100010
011001100110
011001101101
011001101111
011001110101
011010000000
011010001000
011010010111
011010011011
011010011100
011010011110
011010100101
011010110010
011011000000
011011001000
011011001011
011011001100
011011001110
011011010010
011011010011
011011010100
011011011000
011011011001
011011011010
011011011100
011011101000
011011110000
011011110011
011011111000
011011111001
011100000011
011100000100
011100010000
011100010011
011100010100
011100011001
011100011011
011100011101
011100100001
011100100100
011100101111
011100110001
011100110110
011100111001
011100111110
011101000101
011101000110
011101001010
011101010111
011101011011
011101011100
011101100100
011101101001
011101101010
011101110011
011101111011
011101111101
011101111111
011110000011
011110000100
011110000110
011110001101
011110010010
011110010011
011110011000
011110011010
011110011100
011110011111
011110100000
011110100001
011110100101
011110101000
011110101001
011110110011
011110110100
011110110111
011110111101
011110111111
011111000000
011111000101
011111001010
011111001100
011111010011
011111011101
011111100001
011111100111
011111101000
011111101010
011111110001
011111110100
011111110101
011111110111
011111111000
011111111011
011111111110
100000000011
100000000100
100000001010
100000001101
100000001110
100000010001
100000010010
100000011110
100000011111
100000100000
100000100010
100000100011
100000100100
100000100111
100000101110
100000110000
100000110111
100000111001
100000111011
100000111101
100001000010
100001000011
100001000100
100001000101
100001001101
100001001111
100001010011
100001010101
100001011110
100001100010
100001100100
100001101001
100001101110
100001110010
100001110110
100001111100
100010001110
100010010100
100010010101
100010010110
100010010111
100010011100
100010101000
100010110010
100011000001
100011000011
100011001000
100011001011
100011001100
100011001110
100011010101
100011010111
100011011010
100011011110
100011100101
100011100111
100011101011
100011101110
100011110000
100011110001
100011111101
100011111110
100011111111
100100000000
100100001000
100100001010
100100010001
100100011000
100100100000
100100100001
100100100010
100100100011
100100100110
100100100111
100100110000
100100111010
100100111110
100101000111
100101001111
100101010010
100101010100
100101010111
100101011001
100101011101
100101100000
100101100101
100101100110
100101100111
100101101110
100101101111
100101110001
100101110010
100101110011
100101110100
100110000000
100110001110
100110010100
100110011010
100110011110
100110100010
100110101000
100110101100
100110110011
100110111000
100110111001
100110111010
100110111101
100111000001
100111000101
100111000110
100111000111
100111001001
100111001011
100111001100
100111001101
100111010000
100111010001
100111010101
100111010111
100111011111
100111100000
100111100001
100111100100
100111101100
100111110000
100111110100
100111110101
100111111011
100111111110
101000000011
101000000100
101000001001
101000001011
101000001100
101000010011
101000010111
101000011001
101000011100
101000011110
101000100001
101000100011
101000100101
101000100111
101000101100
101000101111
101000110000
101000110001
101000111010
101001000001
101001001010
101001010010
101001011000
101001011100
101001100100
101001101011
101001110001
101001110110
101001111010
101001111111
101010000010
101010000011
101010000100
101010000111
101010001001
101010001011
101010010010
101010010111
101010011001
101010011100
101010011101
101010100000
101010100010
101010100011
101010100110
101010101101
101010101110
101010110100
101010110101
101010111010
101010111011
101010111111
101011000001
101011000011
101011000111
101011001101
101011010101
101011010110
101011010111
101011011011
101011011111
101011100010
101011100011
101011101010
101011101011
101011101100
101011111000
101100001001
101100001100
101100001101
101100011000
101100011111
101100100000
101100100010
101100110000
101100110100
101100111000
101100111010
101100111011
101100111101
101101000011
101101000100
101101001011
101101001110
101101010000
101101010100
101101011000
101101100011
101101100101
101101101010
101101101011
101101110100
101101111001
101101111101
101110000011
101110001001
101110001011
101110001111
101110010100
101110010110
101110011011
101110011111
101110101011
101110101100
101110101110
101110110110
101110111000
101110111010
101110111100
101111000100
101111001010
101111001011
101111001100
101111010111
101111011010
101111011100
101111100000
101111100001
101111100011
101111100100
101111100101
101111101001
101111101011
101111101100
101111101111
101111110010
101111111000
101111111011
110000000010
110000001010
110000001101
110000010010
110000010101
110000010110
110000010111
110000011110
110000101010
110000101011
110000101110
110000111100
110000111110
110000111111
110001000100
110001001001
110001011000
110001011010
110001011011
110001011100
110001100011
110001101001
110001101010
110001110000
110001110011
110001110100
110001110101
110001110110
110001111110
110010000000
110010000001
110010000100
110010000111
110010001001
110010001011
110010001111
110010010000
110010010100
110010011001
110010011010
110010101110
110010101111
110011000001
110011000101
110011001100
110011011010
110011101111
110011110010
110011110100
110011111001
110011111011
110011111110
110100001000
110100001101
110100010011
110100010111
110100011010
110100011100
110100011101
110100100001
110100100100
110100100110
110100100111
110100101010
110100101110
110100110010
110100110011
110100110100
110100111010
110100111100
110100111101
110100111111
110101000000
110101000001
110101000110
110101001001
110101001101
110101010000
110101010111
110101011001
110101011011
110101100001
110101100011
110101100100
110101101100
110101110010
110101110011
110101110111
110101111100
110101111110
110101111111
110110000010
110110000110
110110001010
110110010000
110110010011
110110010100
110110010111
110110011000
110110011100
110110100001
110110100010
110110100111
110110101100
110110101101
110110101111
110110110001
110110110101
110110111010
110111000000
110111001011
110111010010
110111010011
110111010111
110111011010
110111011100
110111100010
110111101000
110111101010
110111101101
110111101111
110111110000
110111111000
110111111101
111000000010
111000001000
111000001101
111000010101
111000010111
111000100100
111000100110
111000101001
111000101010
111000101101
111000110001
111000110010
111000111110
111001000110
111001001000
111001001101
111001010001
111001010111
111001011000
111001011011
111001100001
111001101000
111001101010
111001101110
111001110100
111001111111
111010000010
111010001010
111010010100
111010010101
111010010110
111010011000
111010011011
111010011100
111010100001
111010101001
111010101110
111010110110
111010111000
111011000000
111011000110
111011001000
111011001101
111011001110
111011001111
111011010000
111011010010
111011010011
111011010110
111011011000
111011011001
111011011110
111011100010
111011100101
111011100110
111011101100
111011101111
111011111000
111011111101
111100000001
111100000111
111100001011
111100001100
111100001110
111100010101
111100011000
111100011100
111100011111
111100100011
111100101000
111100110101
111100111000
111100111011
111100111110
111101000100
111101000101
111101001001
111101001011
111101010101
111101010111
111101011011
111101100000
111101100001
111101100010
111101100100
111101100110
111101101001
111101101010
111101101100
111101101110
111101110001
111101111000
111101111100
111110000001
111110000010
111110001100
111110001110
111110010000
111110010100
111110010101
111110010110
111110011010
111110011100
111110011101
111110011110
111110100000
111110100110
111110100111
111110110001
111110110011
111110110101
111110110111
111110111000
111110111101
111111000001
111111000010
111111000100
111111000101
111111001111
111111010010
111111010100
111111011010
111111011101
111111101101
111111110010
111111110100
111111111001
111111111011
111111111111